197,35
181,4
184,3
10,198
10,290
10,163
10,129
10,209
10,99
10,171
10,81
11,29
9,4
9,2
9,3
8,9
8,10
8,18
8,15
189,3
8,2
189,2
189,1
8,3
0,535
189,0
188,3
188,2
188,1
188,0
187,3
187,2
187,1
187,0
186,3
186,2
186,1
186,0
185,3
185,2
185,1
185,0
184,7
184,6
184,5
184,1
184,4
184,2
184,0
183,3
183,2
183,1
183,0
182,4
182,3
182,2
182,1
182,0
181,1
181,3
181,2
181,0
123,3
123,1
20,3
20,2
20,1
19,3
19,2
19,1
12,3
12,2
12,1
11,30
11,28
11,27
11,25
11,24
11,23
11,22
11,21
11,20
11,19
11,17
11,16
11,15
11,14
11,12
11,10
11,9
11,8
11,7
11,6
11,4
11,3
11,2
11,1
10,279
10,264
10,255
10,253
10,251
10,237
10,236
10,224
10,221
10,201
10,194
10,181
10,174
10,170
10,152
10,151
10,144
10,138
10,131
10,128
18,1
10,125
18,3
10,117
10,109
